197.81 511.15 279.81 186.35
368.08 211.96 110.83 223.82
388.01 295.69 134.6 303.95
404.66 184.15 152.63 196.38
404.66 184.15 152.63 196.38
424.04 274.2 174.49 283.59
533.3 357.53 259.36 362.58
542.82 733.26 232.44 651.91
548.19 100.18 289.59 113.97
560.6 77.133 304.57 91.668
560.6 77.133 304.57 91.668
574.57 580.56 56.611 451.32
598.56 61.73 352.75 76.175
598.56 61.73 352.75 76.175
617.61 136.46 128.45 150.0
637.43 47.856 398.07 61.682
733.15 397.08 119.33 672.42
762.43 351.48 750.87 168.4
762.43 351.48 97.509 285.11
112.22 564.78 277.75 258.62
234.96 195.49 325.07 240.98
235.03 208.14 325.07 240.98
340.58 300.79 78.361 311.11
340.58 300.79 78.361 311.11
383.33 135.83 128.45 150.0
387.16 273.21 132.74 282.36
417.5 310.2 881.44 319.12
423.14 48.078 139.74 65.896
585.66 86.396 333.89 100.5
591.82 558.24 269.22 552.47
615.68 9.945 910.52 582.79
670.82 685.34 371.94 677.92
671.62 298.08 483.41 352.13
725.82 368.57 499.21 433.78
729.52 174.37 478.36 183.84
904.56 344.13 689.95 347.21
345.79 233.99 189.84 244.62
362.06 30.171 68.749 49.605
374.72 46.959 87.643 66.356
380.18 163.9 124.08 176.91
403.91 288.95 151.47 297.47
437.26 234.66 189.84 244.62
437.26 234.66 189.84 244.62
526.31 74.777 271.85 89.711
555.98 94.761 298.37 108.61
621.42 43.151 379.83 57.277
644.05 573.06 475.58 620.46
754.54 547.46 475.58 620.46
754.24 587.04 475.58 620.46
753.53 626.25 475.58 620.46
765.38 480.49 189.84 244.62
341.55 321.45 256.33 527.9
371.05 24.358 80.558 44.984
370.31 168.91 114.24 182.0
380.91 164.26 124.08 176.91
386.32 635.98 371.82 131.53
386.32 635.98 371.82 131.53
388.15 221.75 163.57 238.62
401.94 300.23 147.95 308.08
412.01 228.0 163.57 238.62
440.46 246.97 194.13 256.53
485.1 458.13 147.39 153.59
576.54 85.557 323.25 99.489
772.12 433.4 499.21 433.78
818.79 640.59 568.22 636.77
342.67 224.02 81.12 235.25
348.53 310.03 87.808 318.17
375.81 311.27 120.64 319.01
440.18 222.38 193.19 231.98
481.15 242.29 239.55 250.16
611.72 114.57 365.63 122.01
753.3 133.48 498.18 143.77
753.3 133.48 498.18 143.77
781.61 627.03 515.04 626.4
305.2 12.496 147.39 153.59
437.97 218.65 193.19 231.98
955.58 555.96 742.05 552.29
346.42 190.98 85.64 203.51
434.97 317.1 187.52 323.82
754.27 346.41 483.41 352.13
957.34 553.08 742.05 552.29
349.8 128.15 89.14 143.14
373.86 650.45 82.703 653.8
468.85 140.97 227.4 162.77
589.78 73.001 350.54 86.82
702.28 209.45 459.23 216.21
